



















































2 4 0 1 0 3 4 0 1 0 4 4 0 1 0 5 4 0 1 0 6 4 0 1 0 7 4 0 1 0 8 4 0 1 0 9 4 0 1 0 10 4 0 1 0 11 4 0 1 0 
2 4 0 1 0 3 4 0 1 0 4 4 0 1 0 5 4 0 1 0 6 4 0 1 0 7 4 0 1 0 8 4 0 1 0 9 4 0 1 0 10 4 0 1 0 11 4 0 1 0 
2 4 0 1 0 3 4 0 1 0 4 4 0 1 0 5 4 0 1 0 6 4 0 1 0 7 4 0 1 0 8 4 0 1 0 9 4 0 1 0 10 4 0 1 0 11 4 0 1 0 
2 4 0 1 0 3 4 0 1 0 4 4 0 1 0 5 4 0 1 0 6 4 0 1 0 7 4 0 1 0 8 4 0 1 0 9 4 0 1 0 10 4 0 1 0 11 4 0 1 0 
2 4 0 1 0 3 4 0 4 0 4 4 0 4 0 5 4 0 4 0 6 4 0 4 0 7 4 0 1 0 8 4 0 1 0 9 4 0 1 0 10 4 0 1 0 11 4 0 1 0 
2 4 0 4 0 3 4 0 4 0 4 4 0 4 0 5 4 0 4 0 6 4 0 4 0 7 4 0 4 0 8 4 0 4 0 9 4 0 4 0 10 4 0 1 0 11 4 0 1 0 
2 4 0 4 0 3 4 0 4 0 4 4 0 4 0 5 4 0 4 0 6 4 0 4 0 7 4 0 4 0 8 4 0 4 0 9 4 0 4 0 10 4 0 4 0 11 4 0 1 0 
2 4 0 1 0 3 4 0 1 0 4 4 0 2 0 5 4 0 2 0 6 4 0 2 0 7 4 0 1 0 8 4 0 1 0 9 4 0 1 0 10 4 0 1 0 11 4 0 1 0 
2 4 0 2 0 3 4 0 2 0 4 4 0 2 0 5 4 0 2 0 6 4 0 2 0 7 4 0 1 0 8 4 0 1 0 9 4 0 1 0 10 4 0 1 0 11 4 0 1 0 
2 4 0 2 0 3 4 0 2 0 4 4 0 2 0 5 4 0 2 0 6 4 0 2 0 7 4 0 1 0 8 4 0 1 0 9 4 0 1 0 10 4 0 1 0 11 4 0 1 0 
2 4 0 2 0 3 4 0 2 0 4 4 0 2 0 5 4 0 2 0 6 4 0 2 0 7 4 0 1 0 8 4 0 1 0 9 4 0 1 0 10 4 0 1 0 11 4 0 1 0 
2 4 0 2 0 3 4 0 2 0 4 4 0 2 0 5 4 0 2 0 6 4 0 2 0 7 4 0 1 0 8 4 0 1 0 9 4 0 1 0 10 4 0 1 0 11 4 0 1 0 
2 4 0 2 0 3 4 0 2 0 4 4 0 2 0 5 4 0 2 0 6 4 0 2 0 7 4 0 2 0 8 4 0 2 0 9 4 0 2 0 10 4 0 2 0 11 4 0 2 0 
2 4 0 2 0 3 4 0 2 0 4 4 0 2 0 5 4 0 2 0 6 4 0 2 0 7 4 0 2 0 8 4 0 2 0 9 4 0 2 0 10 4 0 2 0 11 4 0 2 0 
2 4 0 2 0 3 4 0 2 0 4 4 0 2 0 5 4 0 2 0 6 4 0 2 0 7 4 0 2 0 8 4 0 2 0 9 4 0 2 0 10 4 0 2 0 11 4 0 2 0 
2 4 0 2 0 3 4 0 2 0 4 4 0 2 0 5 4 0 2 0 6 4 0 2 0 7 4 0 2 0 8 4 0 2 0 9 4 0 2 0 10 4 0 2 0 11 4 0 2 0 
2 4 0 2 0 3 4 0 2 0 4 4 0 2 0 5 4 0 2 0 6 4 0 2 0 7 4 0 2 0 8 4 0 2 0 9 4 0 2 0 10 4 0 2 0 11 4 0 2 0 
2 4 0 3 0 3 4 0 3 0 4 4 0 3 0 5 4 0 3 0 6 4 0 3 0 7 4 0 3 0 8 4 0 3 0 9 4 0 3 0 10 4 0 3 0 11 4 0 3 0 
2 4 0 1 0 3 4 0 1 0 4 4 0 1 0 5 4 0 4 0 6 4 0 4 0 7 4 0 1 0 8 4 0 1 0 9 4 0 1 0 10 4 0 1 0 11 4 0 1 0 
2 4 0 1 0 3 4 0 1 0 4 4 0 1 0 5 4 0 4 0 6 4 0 4 0 7 4 0 1 0 8 4 0 1 0 9 4 0 1 0 10 4 0 1 0 11 4 0 1 0 
2 4 0 1 0 3 4 0 1 0 4 4 0 4 0 5 4 0 4 0 6 4 0 4 0 7 4 0 1 0 8 4 0 1 0 9 4 0 1 0 10 4 0 1 0 11 4 0 1 0 
2 4 0 1 0 3 4 0 1 0 4 4 0 4 0 5 4 0 4 0 6 4 0 4 0 7 4 0 1 0 8 4 0 1 0 9 4 0 1 0 10 4 0 1 0 11 4 0 1 0 
2 4 0 1 0 3 4 0 4 0 4 4 0 4 0 5 4 0 4 0 6 4 0 4 0 7 4 0 1 0 8 4 0 1 0 9 4 0 1 0 10 4 0 1 0 11 4 0 1 0 
2 4 0 2 0 3 4 0 4 0 4 4 0 4 0 5 4 0 4 0 6 4 0 4 0 7 4 0 2 0 8 4 0 2 0 9 4 0 1 0 10 4 0 1 0 11 4 0 1 0 
2 4 0 2 0 3 4 0 2 0 4 4 0 2 0 5 4 0 2 0 6 4 0 2 0 7 4 0 2 0 8 4 0 2 0 9 4 0 2 0 10 4 0 2 0 11 4 0 2 0 
2 4 0 2 0 3 4 0 2 0 4 4 0 2 0 5 4 0 2 0 6 4 0 2 0 7 4 0 2 0 8 4 0 2 0 9 4 0 2 0 10 4 0 2 0 11 4 0 2 0 
2 4 0 2 0 3 4 0 2 0 4 4 0 2 0 5 4 0 2 0 6 4 0 2 0 7 4 0 2 0 8 4 0 2 0 9 4 0 2 0 10 4 0 2 0 11 4 0 2 0 
2 4 0 3 0 3 4 0 3 0 4 4 0 3 0 5 4 0 3 0 6 4 0 3 0 7 4 0 3 0 8 4 0 1 0 9 4 0 1 0 10 4 0 1 0 11 4 0 1 0 
2 4 0 3 0 3 4 0 3 0 4 4 0 3 0 5 4 0 3 0 6 4 0 3 0 7 4 0 3 0 8 4 0 1 0 9 4 0 1 0 10 4 0 1 0 11 4 0 1 0 
2 4 0 1 0 3 4 0 1 0 4 4 0 1 0 5 4 0 3 0 6 4 0 3 0 7 4 0 1 0 8 4 0 1 0 9 4 0 1 0 10 4 0 1 0 11 4 0 1 0 
2 4 0 3 0 3 4 0 3 0 4 4 0 3 0 5 4 0 3 0 6 4 0 3 0 7 4 0 3 0 8 4 0 3 0 9 4 0 3 0 10 4 0 1 0 11 4 0 1 0 
2 4 0 3 0 3 4 0 3 0 4 4 0 3 0 5 4 0 3 0 6 4 0 3 0 7 4 0 1 0 8 4 0 1 0 9 4 0 1 0 10 4 0 1 0 11 4 0 1 0 
2 4 0 3 0 3 4 0 3 0 4 4 0 3 0 5 4 0 3 0 6 4 0 3 0 7 4 0 3 0 8 4 0 1 0 9 4 0 1 0 10 4 0 1 0 11 4 0 1 0 
2 4 0 3 0 3 4 0 3 0 4 4 0 3 0 5 4 0 3 0 6 4 0 3 0 7 4 0 3 0 8 4 0 3 0 9 4 0 3 0 10 4 0 3 0 11 4 0 3 0 
2 4 0 3 0 3 4 0 3 0 4 4 0 3 0 5 4 0 3 0 6 4 0 3 0 7 4 0 2 0 8 4 0 3 0 9 4 0 3 0 10 4 0 2 0 11 4 0 2 0 
2 4 0 2 0 3 4 0 2 0 4 4 0 2 0 5 4 0 2 0 6 4 0 2 0 7 4 0 2 0 8 4 0 2 0 9 4 0 2 0 10 4 0 2 0 11 4 0 2 0 
2 4 0 1 0 3 4 0 1 0 4 4 0 1 0 5 4 0 1 0 6 4 0 1 0 7 4 0 1 0 8 4 0 1 0 9 4 0 1 0 10 4 0 1 0 11 4 0 1 0 
2 4 0 1 0 3 4 0 1 0 4 4 0 1 0 5 4 0 1 0 6 4 0 1 0 7 4 0 1 0 8 4 0 1 0 9 4 0 1 0 10 4 0 1 0 11 4 0 1 0 
2 4 0 1 0 3 4 0 1 0 4 4 0 1 0 5 4 0 1 0 6 4 0 1 0 7 4 0 1 0 8 4 0 1 0 9 4 0 1 0 10 4 0 1 0 11 4 0 1 0 
2 4 0 1 0 3 4 0 4 0 4 4 0 4 0 5 4 0 4 0 6 4 0 4 0 7 4 0 1 0 8 4 0 1 0 9 4 0 1 0 10 4 0 1 0 11 4 0 1 0 
2 4 0 4 0 3 4 0 4 0 4 4 0 4 0 5 4 0 4 0 6 4 0 4 0 7 4 0 4 0 8 4 0 4 0 9 4 0 4 0 10 4 0 1 0 11 4 0 1 0 
2 4 0 4 0 3 4 0 4 0 4 4 0 4 0 5 4 0 4 0 6 4 0 4 0 7 4 0 4 0 8 4 0 4 0 9 4 0 4 0 10 4 0 4 0 11 4 0 1 0 
2 4 0 1 0 3 4 0 1 0 4 4 0 2 0 5 4 0 2 0 6 4 0 2 0 7 4 0 1 0 8 4 0 1 0 9 4 0 1 0 10 4 0 1 0 11 4 0 1 0 
2 4 0 2 0 3 4 0 2 0 4 4 0 2 0 5 4 0 2 0 6 4 0 2 0 7 4 0 1 0 8 4 0 1 0 9 4 0 1 0 10 4 0 1 0 11 4 0 1 0 
2 4 0 2 0 3 4 0 2 0 4 4 0 2 0 5 4 0 2 0 6 4 0 2 0 7 4 0 1 0 8 4 0 1 0 9 4 0 1 0 10 4 0 1 0 11 4 0 1 0 
2 4 0 2 0 3 4 0 2 0 4 4 0 2 0 5 4 0 2 0 6 4 0 2 0 7 4 0 1 0 8 4 0 1 0 9 4 0 1 0 10 4 0 1 0 11 4 0 1 0 
2 4 0 2 0 3 4 0 2 0 4 4 0 2 0 5 4 0 2 0 6 4 0 2 0 7 4 0 1 0 8 4 0 1 0 9 4 0 1 0 10 4 0 1 0 11 4 0 1 0 
2 4 0 2 0 3 4 0 2 0 4 4 0 2 0 5 4 0 2 0 6 4 0 2 0 7 4 0 2 0 8 4 0 2 0 9 4 0 2 0 10 4 0 2 0 11 4 0 2 0 
2 4 0 2 0 3 4 0 2 0 4 4 0 2 0 5 4 0 2 0 6 4 0 2 0 7 4 0 2 0 8 4 0 2 0 9 4 0 2 0 10 4 0 2 0 11 4 0 2 0 
2 4 0 2 0 3 4 0 2 0 4 4 0 2 0 5 4 0 2 0 6 4 0 2 0 7 4 0 2 0 8 4 0 2 0 9 4 0 2 0 10 4 0 2 0 11 4 0 2 0 
2 4 0 2 0 3 4 0 2 0 4 4 0 2 0 5 4 0 2 0 6 4 0 2 0 7 4 0 2 0 8 4 0 2 0 9 4 0 2 0 10 4 0 2 0 11 4 0 2 0 
2 4 0 2 0 3 4 0 2 0 4 4 0 2 0 5 4 0 2 0 6 4 0 2 0 7 4 0 2 0 8 4 0 2 0 9 4 0 2 0 10 4 0 2 0 11 4 0 2 0 
