2 1 2 0 302 93 0 0 1 0 31 15 0 0 3 1 2 0 299 98 0 0 1 0 25 23 0 0 4 1 2 0 318 105 0 0 1 0 31 16 0 0 5 1 2 0 327 101 0 0 1 0 38 25 0 0 6 1 2 0 340 96 0 0 1 0 45 7 0 0 7 1 2 0 341 109 0 0 1 0 31 13 0 0 8 1 2 0 335 109 0 0 1 0 30 14 0 0 9 1 2 0 329 115 0 0 1 0 32 13 0 0 10 1 2 0 1125 368 0 0 1 0 83 34 0 0 11 1 2 0 225 66 0 0 1 0 21 11 0 0 
2 1 2 0 316 115 0 0 1 0 26 17 0 0 3 1 2 0 316 108 0 0 1 0 30 17 0 0 4 1 2 0 287 106 0 0 1 0 30 18 0 0 5 1 2 0 321 108 0 0 1 0 36 15 0 0 6 1 2 0 330 110 0 0 1 0 33 13 0 0 7 1 2 0 324 93 0 0 1 0 21 6 0 0 8 1 2 0 313 103 0 0 1 0 20 6 0 0 9 1 2 0 319 105 0 0 1 0 26 8 0 0 10 1 2 0 1217 353 0 0 1 0 103 30 0 0 11 1 2 0 214 74 0 0 1 0 16 8 0 0 
2 1 2 0 608 209 0 0 1 0 47 24 0 0 3 1 2 0 608 188 0 0 1 0 51 24 0 0 4 1 2 0 617 229 0 0 1 0 68 38 0 0 5 1 2 0 640 217 0 0 1 0 66 37 0 0 6 1 2 0 643 230 0 0 1 0 62 31 0 0 7 1 2 0 649 209 0 0 1 0 42 27 0 0 8 1 2 0 578 207 0 0 1 0 41 22 0 0 9 1 2 0 608 215 0 0 1 0 38 27 0 0 10 1 2 0 2314 768 0 0 1 0 167 79 0 0 11 1 2 0 442 131 0 0 1 0 40 20 0 0 
2 1 2 0 629 211 0 0 1 0 63 30 0 0 3 1 2 0 618 232 0 0 1 0 51 24 0 0 4 1 2 0 602 208 0 0 1 0 43 39 0 0 5 1 2 0 637 201 0 0 1 0 52 27 0 0 6 1 2 0 612 209 0 0 1 0 62 30 0 0 7 1 2 0 634 219 0 0 1 0 56 18 0 0 8 1 2 0 648 241 0 0 1 0 45 22 0 0 9 1 2 0 639 220 0 0 1 0 34 13 0 0 10 1 2 0 2361 772 0 0 1 0 152 47 0 0 11 1 2 0 444 149 0 0 1 0 44 25 0 0 
2 1 2 4 834 218 0 211 1 0 74 35 0 29 3 1 2 4 811 195 0 199 1 0 66 27 0 29 4 1 2 4 814 193 0 192 1 0 72 22 4 34 5 1 2 4 834 215 0 215 1 0 70 33 0 45 6 1 2 4 782 212 0 221 1 0 85 30 0 48 7 1 2 4 833 215 0 214 1 0 66 26 0 38 8 1 2 4 875 209 0 219 1 0 68 20 0 36 9 1 2 4 830 227 0 213 1 0 66 24 0 26 10 1 2 4 3031 780 0 822 1 0 197 87 0 104 11 1 2 4 581 141 0 151 1 0 59 15 0 23 
2 1 2 4 820 201 0 184 1 0 69 26 0 36 3 1 2 4 812 211 0 211 1 0 76 20 0 45 4 1 2 4 851 196 0 187 1 0 84 33 0 29 5 1 2 4 881 246 0 202 1 0 100 43 0 39 6 1 2 4 790 216 0 211 1 0 98 25 0 43 7 1 2 4 821 213 0 224 1 0 83 20 0 39 8 1 2 4 834 190 0 214 1 0 78 17 0 36 9 1 2 4 883 225 0 201 1 0 76 17 0 36 10 1 2 4 3186 800 0 718 1 0 276 62 0 128 11 1 2 4 556 151 0 126 1 0 51 17 0 31 
2 1 2 4 1081 292 0 276 1 0 148 42 0 61 3 1 2 4 1101 256 0 251 1 0 152 39 0 45 4 1 2 4 1109 260 0 285 1 0 161 40 0 63 5 1 2 4 1092 255 0 285 1 0 148 36 0 63 6 1 2 4 1099 274 0 269 1 0 169 45 0 54 7 1 2 4 1033 296 0 274 1 0 155 25 0 57 8 1 2 4 1092 266 0 264 1 0 161 25 0 40 9 1 2 4 1122 252 0 308 1 0 165 21 0 42 10 1 2 4 4149 1096 0 1040 1 0 572 73 0 175 11 1 2 4 712 200 0 203 1 0 101 31 0 39 
2 1 2 0 2095 740 0 0 1 0 137 102 0 0 3 1 2 0 2272 754 0 0 1 0 182 108 0 0 4 1 2 0 2154 698 0 0 1 0 138 111 0 0 5 1 2 0 2167 739 0 0 1 0 123 105 0 0 6 1 2 0 2277 742 0 0 1 0 160 128 0 0 7 1 2 0 2151 739 0 0 1 0 138 71 0 0 8 1 2 0 2089 703 0 0 1 0 156 67 0 0 9 1 2 0 2142 721 0 0 1 0 145 57 0 0 10 1 2 0 8026 2679 0 0 1 0 492 233 0 0 11 1 2 0 1527 491 0 0 1 0 110 69 0 0 
2 1 2 0 2204 770 0 0 1 0 162 110 0 0 3 1 2 0 2143 756 0 0 1 0 122 115 0 0 4 1 2 0 2193 722 0 0 1 0 129 95 0 0 5 1 2 0 2187 741 0 0 1 0 150 114 0 0 6 1 2 0 2227 706 0 0 1 0 124 110 0 0 7 1 2 0 2078 709 0 0 1 0 126 73 0 0 8 1 2 0 2176 682 0 0 1 0 111 58 0 0 9 1 2 0 2147 730 0 0 1 0 137 75 0 0 10 1 2 0 7989 2610 0 0 1 0 437 215 0 0 11 1 2 0 1545 505 0 0 1 0 108 81 0 0 
2 1 2 0 1854 606 0 0 1 0 129 72 0 0 3 1 2 0 1912 631 0 0 1 0 118 88 0 0 4 1 2 0 1782 643 0 0 1 0 87 114 0 0 5 1 2 0 1956 618 0 0 1 0 110 105 0 0 6 1 2 0 1878 614 0 0 1 0 119 96 0 0 7 1 2 0 1924 652 0 0 1 0 108 72 0 0 8 1 2 0 1878 654 0 0 1 0 128 58 0 0 9 1 2 0 1809 640 0 0 1 0 97 60 0 0 10 1 2 0 6897 2277 0 0 1 0 339 187 0 0 11 1 2 0 1303 492 0 0 1 0 81 49 0 0 
2 1 2 0 1833 638 0 0 1 0 100 85 0 0 3 1 2 0 1845 606 0 0 1 0 104 79 0 0 4 1 2 0 1841 626 0 0 1 0 85 85 0 0 5 1 2 0 1782 637 0 0 1 0 91 97 0 0 6 1 2 0 1914 609 0 0 1 0 80 95 0 0 7 1 2 0 1851 623 0 0 1 0 97 56 0 0 8 1 2 0 1921 608 0 0 1 0 102 61 0 0 9 1 2 0 1926 625 0 0 1 0 102 62 0 0 10 1 2 0 6969 2322 0 0 1 0 342 216 0 0 11 1 2 0 1283 424 0 0 1 0 66 51 0 0 
2 1 2 0 1525 488 0 0 1 0 70 75 0 0 3 1 2 0 1649 488 0 0 1 0 87 66 0 0 4 1 2 0 1526 510 0 0 1 0 81 83 0 0 5 1 2 0 1562 560 0 0 1 0 77 84 0 0 6 1 2 0 1459 489 0 0 1 0 51 60 0 0 7 1 2 0 1523 481 0 0 1 0 77 44 0 0 8 1 2 0 1483 506 0 0 1 0 70 52 0 0 9 1 2 0 1592 484 0 0 1 0 64 38 0 0 10 1 2 0 5831 1911 0 0 1 0 248 163 0 0 11 1 2 0 1081 371 0 0 1 0 50 44 0 0 
2 1 2 0 1577 525 0 0 1 0 70 77 0 0 3 1 2 0 1532 510 0 0 1 0 69 73 0 0 4 1 2 0 1528 560 0 0 1 0 81 88 0 0 5 1 2 0 1648 502 0 0 1 0 71 76 0 0 6 1 2 0 1604 519 0 0 1 0 77 69 0 0 7 1 2 0 1530 527 0 0 1 0 67 49 0 0 8 1 2 0 1518 482 0 0 1 0 86 36 0 0 9 1 2 0 1577 540 0 0 1 0 56 44 0 0 10 1 2 0 5644 1910 0 0 1 0 216 141 0 0 11 1 2 0 1052 374 0 0 1 0 57 39 0 0 
2 1 2 0 1258 428 0 0 1 0 47 74 0 0 3 1 2 0 1312 428 0 0 1 0 46 95 0 0 4 1 2 0 1317 408 0 0 1 0 64 80 0 0 5 1 2 0 1262 411 0 0 1 0 57 74 0 0 6 1 2 0 1289 429 0 0 1 0 51 93 0 0 7 1 2 0 1165 410 0 0 1 0 50 90 0 0 8 1 2 0 1177 382 0 0 1 0 52 56 0 0 9 1 2 0 1297 408 0 0 1 0 60 53 0 0 10 1 2 0 4519 1518 0 0 1 0 137 186 0 0 11 1 2 0 900 267 0 0 1 0 36 44 0 0 
2 1 2 0 1270 402 0 0 1 0 28 82 0 0 3 1 2 0 1275 433 0 0 1 0 45 93 0 0 4 1 2 0 1316 424 0 0 1 0 46 91 0 0 5 1 2 0 1306 418 0 0 1 0 47 81 0 0 6 1 2 0 1228 439 0 0 1 0 36 105 0 0 7 1 2 0 1248 414 0 0 1 0 45 94 0 0 8 1 2 0 1271 393 0 0 1 0 41 105 0 0 9 1 2 0 1246 409 0 0 1 0 46 72 0 0 10 1 2 0 4601 1536 0 0 1 0 166 224 0 0 11 1 2 0 822 310 0 0 1 0 30 58 0 0 
2 1 2 0 1882 652 0 0 1 0 47 193 0 0 3 1 2 0 1903 631 0 0 1 0 44 169 0 0 4 1 2 0 1892 627 0 0 1 0 55 147 0 0 5 1 2 0 1903 603 0 0 1 0 43 171 0 0 6 1 2 0 1889 612 0 0 1 0 36 170 0 0 7 1 2 0 1838 620 0 0 1 0 39 162 0 0 8 1 2 0 1928 667 0 0 1 0 57 196 0 0 9 1 2 0 1828 641 0 0 1 0 59 166 0 0 10 1 2 0 6922 2237 0 0 1 0 158 426 0 0 11 1 2 0 1303 406 0 0 1 0 30 105 0 0 
2 1 2 0 3 2 0 0 1 0 0 2 0 0 3 1 2 0 13 4 0 0 1 0 5 1 0 0 4 1 2 0 12 2 0 0 1 0 3 0 0 0 5 1 2 0 12 3 0 0 1 0 5 0 0 0 6 1 2 0 10 5 0 0 1 0 2 1 0 0 7 1 2 0 10 2 0 0 1 0 8 1 0 0 8 1 2 0 6 1 0 0 1 0 2 0 0 0 9 1 2 0 9 1 0 0 1 0 2 0 0 0 10 1 2 0 21 8 0 0 1 0 8 2 0 0 11 1 2 0 5 1 0 0 1 0 2 0 0 0 
2 1 2 3 153 38 36 0 1 0 16 5 10 0 3 1 2 3 109 30 49 0 1 0 15 2 15 0 4 1 2 3 150 28 42 0 1 0 14 5 10 0 5 1 2 3 145 36 43 0 1 0 16 6 12 0 6 1 2 3 122 38 43 0 1 0 11 9 10 0 7 1 2 3 159 31 38 0 1 0 22 4 15 0 8 1 2 3 117 31 25 0 1 0 22 4 4 0 9 1 2 3 125 44 32 0 1 0 23 4 6 0 10 1 2 3 507 115 133 0 1 0 63 8 36 0 11 1 2 3 91 19 26 0 1 0 10 2 7 0 
2 1 2 3 328 95 94 0 1 0 45 10 0 0 3 1 2 3 338 88 76 0 1 0 39 10 0 0 4 1 2 3 314 83 84 0 1 0 36 15 0 0 5 1 2 3 353 79 88 0 1 0 31 14 0 0 6 1 2 3 354 81 90 0 1 0 45 9 0 0 7 1 2 3 307 74 79 0 1 0 25 8 0 0 8 1 2 3 313 104 74 0 1 0 41 11 0 0 9 1 2 3 316 98 69 0 1 0 30 8 0 0 10 1 2 3 1274 285 311 0 1 0 113 26 0 0 11 1 2 3 211 45 44 0 1 0 16 6 0 0 
2 1 2 3 341 91 75 0 1 0 50 10 0 0 3 1 2 3 346 92 79 0 1 0 33 10 0 0 4 1 2 3 350 76 84 0 1 0 46 12 0 0 5 1 2 3 346 85 87 0 1 0 38 14 0 0 6 1 2 3 367 93 73 0 1 0 45 11 0 0 7 1 2 3 300 85 81 0 1 0 32 10 0 0 8 1 2 3 345 86 92 0 1 0 29 14 0 0 9 1 2 3 322 74 101 0 1 0 30 8 0 0 10 1 2 3 1253 314 316 0 1 0 101 31 0 0 11 1 2 3 221 61 42 0 1 0 22 4 0 0 
2 1 2 3 297 67 81 0 1 0 34 10 0 0 3 1 2 3 347 75 93 0 1 0 36 13 0 0 4 1 2 3 322 93 79 0 1 0 31 17 0 0 5 1 2 3 329 83 83 0 1 0 46 13 0 0 6 1 2 3 355 87 101 0 1 0 35 15 0 0 7 1 2 3 330 83 89 0 1 0 33 4 0 0 8 1 2 3 287 104 67 0 1 0 32 9 0 0 9 1 2 3 341 89 79 0 1 0 29 14 0 0 10 1 2 3 1253 291 303 0 1 0 127 22 0 0 11 1 2 3 198 63 50 0 1 0 16 6 0 0 
2 1 2 3 321 108 90 0 1 0 36 10 0 0 3 1 2 3 341 69 79 0 1 0 36 11 0 0 4 1 2 3 301 81 69 0 1 0 46 18 0 0 5 1 2 3 307 87 59 0 1 0 36 11 0 0 6 1 2 3 338 92 73 0 1 0 42 17 0 0 7 1 2 3 362 86 72 0 1 0 52 12 0 0 8 1 2 3 361 84 86 0 1 0 34 4 0 0 9 1 2 3 333 92 96 0 1 0 36 7 0 0 10 1 2 3 1210 295 318 0 1 0 112 23 0 0 11 1 2 3 231 64 51 0 1 0 28 6 0 0 
2 1 2 3 341 82 79 0 1 0 25 14 0 0 3 1 2 3 331 64 92 0 1 0 36 14 0 0 4 1 2 3 359 76 90 0 1 0 42 6 0 0 5 1 2 3 369 86 103 0 1 0 36 13 0 0 6 1 2 3 315 96 74 0 1 0 40 13 0 0 7 1 2 3 336 88 91 0 1 0 24 2 0 0 8 1 2 3 330 83 93 0 1 0 27 7 0 0 9 1 2 3 352 95 85 0 1 0 24 7 0 0 10 1 2 3 1186 312 306 0 1 0 106 32 0 0 11 1 2 3 208 55 51 0 1 0 15 12 0 0 
2 1 2 3 335 88 69 0 1 0 48 18 0 0 3 1 2 3 340 75 90 0 1 0 34 11 0 0 4 1 2 3 378 80 95 0 1 0 40 16 0 0 5 1 2 3 345 88 92 0 1 0 34 12 0 0 6 1 2 3 327 81 80 0 1 0 38 20 0 0 7 1 2 3 325 86 76 0 1 0 28 14 0 0 8 1 2 3 316 70 94 0 1 0 30 10 0 0 9 1 2 3 329 81 103 0 1 0 34 10 0 0 10 1 2 3 1207 328 330 0 1 0 81 42 0 0 11 1 2 3 198 54 39 0 1 0 22 9 0 0 
2 1 2 3 318 105 71 0 1 0 24 33 0 0 3 1 2 3 335 81 79 0 1 0 34 14 0 0 4 1 2 3 318 78 66 0 1 0 26 23 0 0 5 1 2 3 338 94 63 0 1 0 26 13 0 0 6 1 2 3 334 76 71 0 1 0 27 19 0 0 7 1 2 3 348 84 94 0 1 0 45 25 0 0 8 1 2 3 303 83 75 0 1 0 29 19 0 0 9 1 2 3 339 108 99 0 1 0 31 16 0 0 10 1 2 3 1180 300 298 0 1 0 87 46 0 0 11 1 2 3 200 68 62 0 1 0 17 18 0 0 
2 1 2 3 313 86 70 0 1 0 29 26 0 0 3 1 2 3 347 99 79 0 1 0 29 29 0 0 4 1 2 3 324 63 86 0 1 0 35 18 0 0 5 1 2 3 337 85 96 0 1 0 38 33 0 0 6 1 2 3 331 75 79 0 1 0 30 15 0 0 7 1 2 3 314 95 72 0 1 0 29 28 0 0 8 1 2 3 315 87 85 0 1 0 18 22 0 0 9 1 2 3 338 88 94 0 1 0 22 26 0 0 10 1 2 3 1266 298 336 0 1 0 98 59 0 0 11 1 2 3 231 70 63 0 1 0 28 19 0 0 
2 1 2 3 0 0 0 0 1 0 8 2 0 0 3 1 2 3 0 0 0 0 1 0 12 5 0 0 4 1 2 3 0 0 0 0 1 0 7 4 0 0 5 1 2 3 0 0 0 0 1 0 12 4 0 0 6 1 2 3 0 0 0 0 1 0 3 1 0 0 7 1 2 3 0 0 0 0 1 0 6 8 0 0 8 1 2 3 0 0 0 0 1 0 9 10 0 0 9 1 2 3 0 0 0 0 1 0 3 3 0 0 10 1 2 3 0 0 0 0 1 0 32 15 0 0 11 1 2 3 0 0 0 0 1 0 6 4 0 0 
2 1 2 3 132 27 37 0 1 0 14 6 9 0 3 1 2 3 134 33 36 0 1 0 13 7 6 0 4 1 2 3 118 29 40 0 1 0 14 2 13 4 5 1 2 3 137 36 24 0 1 0 11 7 4 0 6 1 2 3 118 31 32 0 1 0 9 5 9 0 7 1 2 3 151 41 35 0 1 0 18 2 7 0 8 1 2 3 149 37 34 0 1 0 13 1 8 0 9 1 2 3 135 29 37 0 1 0 11 1 8 0 10 1 2 3 509 133 128 0 1 0 38 12 24 0 11 1 2 3 93 20 22 0 1 0 7 4 7 0 
2 1 2 3 130 45 45 0 1 0 15 6 10 0 3 1 2 3 138 34 28 0 1 0 12 3 1 0 4 1 2 3 140 24 27 0 1 0 19 7 3 0 5 1 2 3 143 32 33 0 1 0 13 4 5 0 6 1 2 3 118 35 37 0 1 0 15 9 10 0 7 1 2 3 140 42 40 0 1 0 11 4 12 0 8 1 2 3 120 34 40 0 1 0 11 2 7 0 9 1 2 3 122 37 36 0 1 0 7 1 10 0 10 1 2 3 517 116 120 0 1 0 29 14 21 0 11 1 2 3 83 19 23 0 1 0 6 3 7 0 
2 1 2 3 125 26 31 0 1 0 7 3 2 0 3 1 2 3 151 39 31 0 1 0 12 4 5 0 4 1 2 3 139 29 40 0 1 0 12 5 4 0 5 1 2 3 153 34 26 0 1 0 11 4 4 0 6 1 2 3 130 23 36 0 1 0 6 0 13 0 7 1 2 3 162 37 26 0 1 0 16 3 9 0 8 1 2 3 138 36 34 0 1 0 9 7 7 0 9 1 2 3 127 30 30 0 1 0 8 3 4 0 10 1 2 3 471 129 118 0 1 0 29 10 27 0 11 1 2 3 93 19 20 0 1 0 8 3 4 0 
2 1 2 3 123 33 39 0 1 0 9 9 6 0 3 1 2 3 126 38 32 0 1 0 13 5 8 0 4 1 2 3 143 32 22 0 1 0 10 3 6 0 5 1 2 3 106 31 28 0 1 0 14 3 7 0 6 1 2 3 133 47 28 0 1 0 12 9 4 0 7 1 2 3 120 32 37 0 1 0 4 2 3 0 8 1 2 3 129 35 26 0 1 0 15 2 6 0 9 1 2 3 124 31 37 0 1 0 12 1 4 0 10 1 2 3 472 123 110 0 1 0 46 7 16 0 11 1 2 3 96 25 30 0 1 0 8 2 2 0 
2 1 2 3 126 24 21 0 1 0 5 3 4 0 3 1 2 3 146 25 44 0 1 0 12 7 14 0 4 1 2 3 120 38 30 0 1 0 9 5 2 0 5 1 2 3 132 45 33 0 1 0 7 8 11 0 6 1 2 3 126 35 28 0 1 0 7 6 5 0 7 1 2 3 117 25 33 0 1 0 12 2 4 0 8 1 2 3 138 34 32 0 1 0 10 8 7 0 9 1 2 3 122 33 29 0 1 0 5 0 2 0 10 1 2 3 479 119 115 0 1 0 30 10 19 0 11 1 2 3 105 20 30 0 1 0 7 2 7 0 
2 1 2 3 142 35 21 0 1 0 11 2 3 0 3 1 2 3 134 36 42 0 1 0 5 8 9 0 4 1 2 3 122 43 31 0 1 0 5 4 3 0 5 1 2 3 129 30 40 0 1 0 8 5 11 0 6 1 2 3 113 48 28 0 1 0 6 9 3 0 7 1 2 3 101 25 32 0 1 0 7 4 4 0 8 1 2 3 127 32 30 0 1 0 7 1 4 0 9 1 2 3 156 35 33 0 1 0 8 0 3 0 10 1 2 3 500 127 99 0 1 0 39 12 10 0 11 1 2 3 97 19 15 0 1 0 2 4 3 0 
2 1 2 3 123 36 32 0 1 0 3 5 5 0 3 1 2 3 159 34 39 0 1 0 10 8 10 0 4 1 2 3 137 29 33 0 1 0 6 3 9 0 5 1 2 3 144 39 37 0 1 0 9 8 7 0 6 1 2 3 149 32 39 0 1 0 7 2 7 0 7 1 2 3 144 32 34 0 1 0 9 3 10 0 8 1 2 3 112 37 26 0 1 0 7 5 6 0 9 1 2 3 145 38 50 0 1 0 6 3 7 0 10 1 2 3 451 118 122 0 1 0 21 12 17 0 11 1 2 3 79 19 18 0 1 0 5 5 4 0 
2 1 2 3 133 28 29 0 1 0 9 7 8 0 3 1 2 3 115 39 35 0 1 0 2 4 4 0 4 1 2 3 125 28 27 0 1 0 4 3 5 0 5 1 2 3 142 29 40 0 1 0 9 8 6 0 6 1 2 3 144 28 31 0 1 0 4 3 10 0 7 1 2 3 134 35 46 0 1 0 4 7 7 0 8 1 2 3 125 27 35 0 1 0 3 3 7 0 9 1 2 3 113 34 25 0 1 0 3 5 1 0 10 1 2 3 502 117 111 0 1 0 6 16 12 0 11 1 2 3 104 20 33 0 1 0 3 4 11 0 
2 1 2 3 553 131 132 0 1 0 10 31 33 0 3 1 2 3 514 161 152 0 1 0 14 36 29 0 4 1 2 3 545 115 113 0 1 0 14 40 20 0 5 1 2 3 512 165 157 0 1 0 13 49 31 0 6 1 2 3 486 102 116 0 1 0 10 26 11 0 7 1 2 3 539 123 111 0 1 0 9 38 18 0 8 1 2 3 537 134 140 0 1 0 15 37 33 0 9 1 2 3 507 153 137 0 1 0 15 38 35 0 10 1 2 3 1891 507 478 0 1 0 52 96 58 0 11 1 2 3 371 107 88 0 1 0 9 26 6 0 
2 1 2 0 10 6 0 0 1 0 1 1 0 0 3 1 2 0 5 3 0 0 1 0 0 0 0 0 4 1 2 0 6 2 0 0 1 0 0 0 0 0 5 1 2 0 10 1 0 0 1 0 0 0 0 0 6 1 2 0 11 1 0 0 1 0 0 0 0 0 7 1 2 0 8 3 0 0 1 0 0 0 0 0 8 1 2 0 7 5 0 0 1 0 2 0 0 0 9 1 2 0 10 4 0 0 1 0 1 0 0 0 10 1 2 0 33 11 0 0 1 0 2 1 0 0 11 1 2 0 6 3 0 0 1 0 0 0 0 0 
2 1 2 0 20 15 0 0 1 0 2 3 0 0 3 1 2 0 25 14 0 0 1 0 1 1 0 0 4 1 2 0 26 7 0 0 1 0 6 3 0 0 5 1 2 0 30 10 0 0 1 0 1 3 0 0 6 1 2 0 26 13 0 0 1 0 1 2 0 0 7 1 2 0 37 8 0 0 1 0 4 2 0 0 8 1 2 0 28 19 0 0 1 0 0 1 0 0 9 1 2 0 32 12 0 0 1 0 2 0 0 0 10 1 2 0 96 30 0 0 1 0 4 4 0 0 11 1 2 0 23 2 0 0 1 0 3 0 0 0 
2 1 2 0 56 17 0 0 1 0 5 3 0 0 3 1 2 0 55 20 0 0 1 0 11 4 0 0 4 1 2 0 48 14 0 0 1 0 6 1 0 0 5 1 2 0 63 23 0 0 1 0 9 4 0 0 6 1 2 0 54 19 0 0 1 0 9 2 0 0 7 1 2 0 68 16 0 0 1 0 6 3 0 0 8 1 2 0 66 23 0 0 1 0 6 1 0 0 9 1 2 0 46 20 0 0 1 0 6 3 0 0 10 1 2 0 206 51 0 0 1 0 19 2 0 0 11 1 2 0 37 11 0 0 1 0 2 2 0 0 
2 1 2 0 87 34 0 0 1 0 9 6 0 0 3 1 2 0 88 23 0 0 1 0 8 3 0 0 4 1 2 0 107 23 0 0 1 0 9 2 0 0 5 1 2 0 100 32 0 0 1 0 12 3 0 0 6 1 2 0 101 44 0 0 1 0 13 7 0 0 7 1 2 0 109 45 0 0 1 0 18 2 0 0 8 1 2 0 104 43 0 0 1 0 6 3 0 0 9 1 2 0 95 40 0 0 1 0 5 5 0 0 10 1 2 0 356 121 0 0 1 0 30 8 0 0 11 1 2 0 61 28 0 0 1 0 5 3 0 0 
2 1 2 0 113 46 0 0 1 0 11 7 0 0 3 1 2 0 142 68 0 0 1 0 13 8 0 0 4 1 2 0 135 46 0 0 1 0 12 7 0 0 5 1 2 0 135 49 0 0 1 0 7 11 0 0 6 1 2 0 136 50 0 0 1 0 11 8 0 0 7 1 2 0 145 47 0 0 1 0 19 7 0 0 8 1 2 0 142 51 0 0 1 0 18 4 0 0 9 1 2 0 151 44 0 0 1 0 8 4 0 0 10 1 2 0 555 160 0 0 1 0 46 15 0 0 11 1 2 0 105 41 0 0 1 0 8 5 0 0 
2 1 2 0 179 65 0 0 1 0 25 16 0 0 3 1 2 0 207 79 0 0 1 0 38 12 0 0 4 1 2 0 184 46 0 0 1 0 28 8 0 0 5 1 2 0 199 64 0 0 1 0 29 7 0 0 6 1 2 0 182 67 0 0 1 0 30 14 0 0 7 1 2 0 185 75 0 0 1 0 19 14 1 0 8 1 2 0 194 66 0 0 1 0 26 12 0 0 9 1 2 0 193 59 0 0 1 0 34 6 0 0 10 1 2 0 644 255 0 0 1 0 84 29 0 0 11 1 2 0 125 40 0 0 1 0 15 8 0 0 
2 1 2 0 550 196 0 0 1 0 37 27 0 0 3 1 2 0 550 177 0 0 1 0 33 47 0 0 4 1 2 0 536 210 0 0 1 0 31 39 0 0 5 1 2 0 597 185 0 0 1 0 38 38 0 0 6 1 2 0 545 191 0 0 1 0 43 42 0 0 7 1 2 0 533 205 0 0 1 0 28 29 0 0 8 1 2 0 555 162 0 0 1 0 35 21 0 0 9 1 2 0 562 184 0 0 1 0 45 22 0 0 10 1 2 0 2069 719 0 0 1 0 138 61 0 0 11 1 2 0 376 123 0 0 1 0 24 13 0 0 
2 1 2 0 742 206 0 0 1 0 43 40 0 0 3 1 2 0 735 241 0 0 1 0 45 34 0 0 4 1 2 0 776 256 0 0 1 0 63 49 0 0 5 1 2 0 837 271 0 0 1 0 49 50 0 0 6 1 2 0 766 277 0 0 1 0 65 57 0 0 7 1 2 0 771 259 0 0 1 0 40 29 0 0 8 1 2 0 751 251 0 0 1 0 53 31 0 0 9 1 2 0 728 243 0 0 1 0 37 16 0 0 10 1 2 0 2895 941 0 0 1 0 156 79 0 0 11 1 2 0 510 153 0 0 1 0 28 30 0 0 
2 1 2 0 948 342 0 0 1 0 49 66 0 1 3 1 2 0 1005 305 0 0 1 0 55 59 0 0 4 1 2 0 983 349 0 0 1 0 63 70 0 0 5 1 2 0 976 318 0 0 1 0 49 51 0 0 6 1 2 0 973 333 0 0 1 0 50 55 0 0 7 1 2 0 901 305 0 0 1 0 47 32 0 0 8 1 2 0 933 344 0 0 1 0 44 35 0 0 9 1 2 0 889 331 0 0 1 0 43 37 0 1 10 1 2 0 3696 1208 0 1072693248 1 0 181 131 0 1 11 1 2 0 663 226 0 0 1 0 42 32 0 1 
2 1 2 0 1089 429 0 0 1 0 79 61 0 0 3 1 2 0 1147 364 0 0 1 0 69 48 0 0 4 1 2 0 1138 419 0 0 1 0 72 76 0 0 5 1 2 0 1216 376 0 0 1 0 64 63 0 0 6 1 2 0 1151 387 0 0 1 0 74 68 0 0 7 1 2 0 1142 393 0 0 1 0 67 49 0 0 8 1 2 0 1140 389 0 0 1 0 72 30 0 0 9 1 2 0 1190 363 0 0 1 0 67 34 0 0 10 1 2 0 4381 1377 0 0 1 0 228 138 0 2 11 1 2 0 789 286 0 0 1 0 43 35 0 0 
2 1 2 0 1411 450 0 0 1 0 64 68 0 0 3 1 2 0 1392 470 0 0 1 0 74 67 0 0 4 1 2 0 1370 433 0 0 1 0 73 61 0 0 5 1 2 0 1368 477 0 0 1 0 74 96 0 0 6 1 2 0 1325 452 0 0 1 0 68 77 0 0 7 1 2 0 1349 472 0 0 1 0 75 54 0 0 8 1 2 0 1352 469 0 0 1 0 64 46 0 0 9 1 2 0 1392 463 0 0 1 0 74 51 0 0 10 1 2 0 5173 1688 0 0 1 0 250 141 0 0 11 1 2 0 885 304 0 0 1 0 41 45 0 0 
2 1 2 0 1512 508 0 0 1 0 80 82 0 0 3 1 2 0 1603 513 0 0 1 0 78 63 0 0 4 1 2 0 1506 525 0 0 1 0 76 101 0 0 5 1 2 0 1553 515 0 0 1 0 76 88 0 0 6 1 2 0 1602 453 0 0 1 0 72 72 0 0 7 1 2 0 1564 510 0 0 1 0 77 45 0 1 8 1 2 0 1547 479 0 0 1 0 80 50 0 0 9 1 2 0 1576 520 0 0 1 0 68 38 0 0 10 1 2 0 5823 1925 0 0 1 0 275 169 0 0 11 1 2 0 1054 320 0 0 1 0 53 46 0 0 
2 1 2 0 1682 553 0 0 1 0 68 110 0 0 3 1 2 0 1779 567 0 0 1 0 65 119 0 0 4 1 2 0 1742 597 0 0 1 0 73 118 2 0 5 1 2 0 1758 575 0 0 1 0 81 125 0 0 6 1 2 0 1673 586 0 0 1 0 76 119 0 0 7 1 2 0 1704 603 0 0 1 0 78 127 0 1 8 1 2 0 1710 572 0 0 1 0 71 83 2 0 9 1 2 0 1682 583 0 0 1 0 77 80 0 0 10 1 2 0 6469 2125 0 0 1 0 242 286 0 0 11 1 2 0 1176 426 0 0 1 0 57 73 0 0 
2 1 2 0 1929 616 0 0 1 0 76 171 0 0 3 1 2 0 1903 618 0 0 1 0 74 171 0 0 4 1 2 0 1799 627 0 0 1 0 76 173 0 0 5 1 2 0 1974 624 0 0 1 0 75 178 0 0 6 1 2 0 1990 606 0 0 1 0 76 170 0 0 7 1 2 0 1844 652 0 0 1 0 85 195 0 0 8 1 2 0 1821 634 0 0 1 0 80 197 2 0 9 1 2 0 1952 634 0 0 1 0 59 119 0 0 10 1 2 0 7087 2379 0 0 1 0 251 410 0 0 11 1 2 0 1253 421 0 0 1 0 49 112 0 0 
2 1 2 0 1975 690 0 0 1 0 70 208 0 0 3 1 2 0 2084 740 0 0 1 0 78 196 0 2 4 1 2 0 2035 665 0 0 1 0 65 197 0 0 5 1 2 0 2124 659 0 0 1 0 73 204 2 0 6 1 2 0 2081 637 0 0 1 0 74 180 0 0 7 1 2 0 2037 641 0 0 1 0 65 233 0 0 8 1 2 0 2000 650 0 0 1 0 77 193 1 0 9 1 2 0 2114 685 0 0 1 0 75 234 0 0 10 1 2 0 7377 2574 0 0 1 0 245 639 0 0 11 1 2 0 1396 483 0 0 1 0 43 152 0 0 
2 1 2 0 0 0 0 0 1 0 11 854 0 0 3 1 2 0 0 0 0 0 1 0 11 892 0 1 4 1 2 0 0 0 0 0 1 0 7 859 0 1 5 1 2 0 0 0 0 0 1 0 11 841 0 0 6 1 2 0 0 0 0 0 1 0 11 905 2 0 7 1 2 0 0 0 0 0 1 0 9 857 0 0 8 1 2 0 0 0 0 0 1 0 11 950 0 0 9 1 2 0 0 0 0 0 1 0 13 947 2 0 10 1 2 0 0 0 0 0 1 0 33 3461 1 3 11 1 2 0 0 0 0 0 1 0 4 640 3 0 
